/sticky_air_approximation
       0  1e+17 1e+17 0e+00 5e+04        1.00E+17      0.00E+00      0.00E+00      0.00E+00     1.00E+00  7.0E+11  1.00 0e+00 0e+00 0.000 0.000 0.0 1.0 0 0  1.00E+00      0.00E+00      0.00E+00      3.33E+06      2.00E+02  0.000E+00  0.00E+00  0.00E+00
/sticky_air_approximation
       1  1e+17 1e+17 0e+00 5e+04        1.00E+17      0.00E+00      0.00E+00      0.00E+00     1.00E+00  7.0E+11  1.00 0e+00 0e+00 0.000 0.000 0.1 1.0 0 0  1.00E+00      0.00E+00      0.00E+00      3.33E+03      2.00E+02  0.000E+00  0.00E+00  0.00E+00
/wet_quartzite
       3  1e+18 1e+26 1e+00 2e+28        1.97E+17      1.54E+05      8.00E-01      3.00E+04     2.30E+00  5.0E+09  0.00 1e+06 1e+06 0.350 0.200 0.3 0.5 0 0  2.60E+03      3.00E-05      1.00E-03      1.00E+03      6.40E-01  8.070E+02  4.00E-06  1.50E-06
/wet_quartzite
       4  1e+18 1e+26 1e+00 2e+28        1.97E+17      1.54E+05      8.00E-01      3.00E+04     2.30E+00  5.0E+09  0.00 1e+06 1e+06 0.350 0.200 0.3 0.5 0 0  2.60E+03      3.00E-05      1.00E-03      1.00E+03      6.40E-01  8.070E+02  4.00E-06  1.50E-06
/dalzilio2018_wet_quartzite
       5  1e+18 1e+26 0e+00 2e+28        1.97E+17      1.54E+05      1.20E+00      3.00E+04     2.30E+00  1.2E+10  0.00 1e+06 1e+06 0.150 0.100 0.2 0.5 0 0  2.75E+03      3.00E-05      1.00E-03      1.00E+03      6.40E-01  8.070E+02  4.00E-06  2.00E-06
/dalzilio2018_mafic_granulite
       6  1e+18 1e+26 0e+00 2e+28        1.25E+21      4.45E+05      8.00E-01      3.00E+04     4.20E+00  1.2E+10  0.00 1e+06 1e+06 0.250 0.200 0.2 1.0 0 0  3.00E+03      3.00E-05      1.00E-03      1.00E+03      1.18E+00  4.740E+02  4.00E-06  1.25E-06
/basalt_oceanic_crust_wet_quartzite
       7  1e+18 1e+26 1e+00 2e+28        1.97E+17      1.54E+05      8.00E-01      3.00E+04     2.30E+00  1.2E+10  0.00 1e+06 1e+06 0.045 0.025 0.2 0.5 0 0  2.80E+03      3.00E-05      1.00E-03      1.00E+03      1.18E+00  4.740E+02  4.00E-06  2.50E-07
/gabbro_oceanic_crust_anorthite_75%
       8  1e+18 1e+26 0e+00 2e+28        4.80E+22      2.38E+05      8.00E-01      3.00E+04     3.20E+00  1.2E+10  0.00 1e+06 1e+06 0.085 0.035 0.2 0.5 0 0  2.90E+03      3.00E-05      1.00E-03      1.00E+03      1.18E+00  4.740E+02  4.00E-06  2.50E-07
/lithospheric_mantle_dry_olivin
       9  1e+18 1e+26 0e+00 2e+28        3.98E+16      5.32E+05      8.00E-01      3.00E+04     3.50E+00  3.5E+10  0.00 1e+06 1e+06 0.600 0.600 0.5 1.5 0 0  3.30E+03      3.00E-05      1.00E-03      1.00E+03      7.30E-01  1.293E+03  4.00E-06  2.20E-08
/astenospheric_mantle_dry_olivin
      10  1e+18 1e+26 0e+00 2e+28        3.98E+16      5.32E+05      8.00E-01      3.00E+04     3.50E+00  3.5E+10  0.00 1e+06 1e+06 0.600 0.600 0.5 1.5 0 0  3.30E+03      3.00E-05      1.00E-03      1.00E+03      7.30E-01  1.293E+03  4.00E-06  2.20E-08
/dehydrated_mantle_wet_olivin
      11  1e+18 1e+26 0e+00 2e+28        5.01E+20      4.70E+05      8.00E-01      3.00E+04     4.00E+00  3.5E+10  0.00 1e+06 1e+06 0.000 0.000 0.5 1.5 0 0  3.25E+03      3.00E-05      1.00E-03      1.00E+03      7.30E-01  1.293E+03  4.00E-06  2.20E-08
/weak_zone_wet_olivin
      12  1e+18 1e+26 0e+00 2e+28        5.01E+20      4.70E+05      8.00E-01      3.00E+04     4.00E+00  3.5E+10  0.00 1e+06 1e+06 0.000 0.000 0.5 1.5 0 0  3.30E+03      3.00E-05      1.00E-03      1.00E+03      7.30E-01  1.293E+03  4.00E-06  2.20E-08
/dalzilio2018_wet_quartzite
      13  1e+18 1e+26 0e+00 2e+28        1.97E+17      1.54E+05      1.20E+00      3.00E+04     2.30E+00  1.2E+10  0.00 1e+06 1e+06 0.300 0.200 0.1 0.3 0 0  2.75E+03      3.00E-05      1.00E-03      1.00E+03      6.40E-01  8.070E+02  4.00E-06  2.20E-06
/dalzilio2018_wet_quartzite
      14  1e+18 1e+26 0e+00 2e+28        1.97E+17      1.54E+05      1.20E+00      3.00E+04     2.30E+00  1.2E+10  0.00 1e+06 1e+06 0.300 0.200 0.1 0.3 0 0  2.75E+03      3.00E-05      1.00E-03      1.00E+03      6.40E-01  8.070E+02  4.00E-06  2.20E-06
/dalzilio2018_wet_quartzite
      15  1e+18 1e+26 0e+00 2e+28        1.97E+17      1.54E+05      1.20E+00      3.00E+04     2.30E+00  1.2E+10  0.00 1e+06 1e+06 0.150 0.100 0.2 0.5 0 0  2.75E+03      3.00E-05      1.00E-03      1.00E+03      6.40E-01  8.070E+02  4.00E-06  2.00E-06
/dalzilio2018_mafic_granulite
      16  1e+18 1e+26 0e+00 2e+28        1.25E+21      4.45E+05      8.00E-01      3.00E+04     4.20E+00  1.2E+10  0.00 1e+06 1e+06 0.250 0.200 0.2 1.0 0 0  3.00E+03      3.00E-05      1.00E-03      1.00E+03      1.18E+00  4.740E+02  4.00E-06  1.25E-06
/dalzilio2018_mafic_granulite
      17  1e+18 1e+26 0e+00 2e+28        1.25E+21      4.45E+05      8.00E-01      3.00E+04     4.20E+00  1.2E+10  0.00 1e+06 1e+06 0.200 0.150 0.1 0.5 0 0  3.00E+03      3.00E-05      1.00E-03      1.00E+03      1.18E+00  4.740E+02  4.00E-06  1.25E-06
/dalzilio2018_mafic_granulite
      18  1e+18 1e+26 0e+00 2e+28        1.25E+21      4.45E+05      8.00E-01      3.00E+04     4.20E+00  1.2E+10  0.00 1e+06 1e+06 0.200 0.150 0.1 0.5 0 0  3.00E+03      3.00E-05      1.00E-03      1.00E+03      1.18E+00  4.740E+02  4.00E-06  1.25E-06
